37036
19504
95
18121
-13
19558
23506
32669
36121
18332
76
75
1640
35607
22484
22484
21464
5102
9861
21905
36991
19062
7922
2209
17914
17801
26196
18026
28
18613
-1
22716
6311
18698
8808
34345
21177
36899
70
18102
4971
34982
22632
19612
20409
22503
19684
22232
20049
142
86
18267
17785
19799
20019
20162
41081
20241
20631
24284
33051
22461
24280
24232
24689
1060
21138
19679
19124
2149
1140
22610
21285
19689
41130
1033
21546
24117
8381
1092
113
18912
5102
1101
18572
23631
599
5752
30342
9153
1450
21366
31320
24046
23284
18
41
1218
7
1199
1199
3734
77
1453
5917
24229
1254
29
5940
12181
11587
23474
22745
41373
87
21294
6338
464
31161
27
19601
27344
24625
21339
11848
361
31
20261
31585
31526
62
19195
20634
18463
18332
19485
23
8901
26070
7
19503
4163
33499
93
76
24374
143
18168
28241
28390
1452
19619
20335
20345
19972
1713
6113
20023
18173
3579
3569
41560
24387
38627
38631
7116
21478
34320
8876
219
2371
-13
5211
32
6487
5855
41534
41238
161
41440
1987
1451
38879
401
19509
29760
18114
387
38885
20652
21391
23932
9691
23192
6774
28322
31635
34323